0 1617 0.238281 0.719792 0.079687 0.131250
0 1620 0.238281 0.719792 0.079687 0.131250
0 1623 0.238281 0.719792 0.079687 0.131250
0 1626 0.238281 0.719792 0.079687 0.131250
0 1629 0.238281 0.719792 0.079687 0.131250
0 1632 0.238281 0.719792 0.079687 0.131250
0 1635 0.238281 0.719792 0.079687 0.131250
0 1638 0.238281 0.719792 0.079687 0.131250
0 1641 0.238281 0.719792 0.079687 0.131250
0 1644 0.238281 0.719792 0.079687 0.131250
0 1647 0.238281 0.719792 0.079687 0.131250
0 1650 0.238281 0.719792 0.079687 0.131250
0 1653 0.238281 0.719792 0.079687 0.131250
0 1656 0.238281 0.719792 0.079687 0.131250
0 1659 0.238281 0.719792 0.079687 0.131250
0 1662 0.238281 0.719792 0.079687 0.131250
0 1665 0.238281 0.719792 0.079687 0.131250
0 1668 0.238281 0.719792 0.079687 0.131250
0 1671 0.238281 0.719792 0.079687 0.131250
0 1674 0.238281 0.719792 0.079687 0.131250
0 1677 0.238281 0.719792 0.079687 0.131250
0 1680 0.238281 0.719792 0.079687 0.131250
0 1683 0.238281 0.719792 0.079687 0.131250
0 1686 0.238281 0.719792 0.079687 0.131250
0 1689 0.238281 0.719792 0.079687 0.131250
0 1692 0.238281 0.719792 0.079687 0.131250
0 1695 0.238281 0.719792 0.079687 0.131250
0 1698 0.238281 0.719792 0.079687 0.131250
0 1701 0.238281 0.719792 0.079687 0.131250
0 1704 0.238281 0.719792 0.079687 0.131250
0 1707 0.238281 0.719792 0.079687 0.131250
0 1710 0.238281 0.719792 0.079687 0.131250
0 1713 0.238281 0.719792 0.079687 0.131250
0 1716 0.238281 0.719792 0.079687 0.131250
0 1719 0.238281 0.719792 0.079687 0.131250
0 1722 0.238281 0.719792 0.079687 0.131250
0 1725 0.238281 0.719792 0.079687 0.131250
0 1728 0.238281 0.719792 0.079687 0.131250
0 1731 0.238281 0.719792 0.079687 0.131250
0 1734 0.238281 0.719792 0.079687 0.131250
0 1737 0.238281 0.719792 0.079687 0.131250
0 1740 0.238281 0.719792 0.079687 0.131250
0 1743 0.238281 0.719792 0.079687 0.131250
0 1746 0.238281 0.719792 0.079687 0.131250
0 1749 0.238281 0.719792 0.079687 0.131250
0 1752 0.238281 0.719792 0.079687 0.131250
0 1755 0.238281 0.719792 0.079687 0.131250
0 1758 0.238281 0.719792 0.079687 0.131250
0 1761 0.238281 0.719792 0.079687 0.131250
0 1764 0.238281 0.719792 0.079687 0.131250
0 1767 0.238281 0.719792 0.079687 0.131250
0 1770 0.238281 0.719792 0.079687 0.131250
0 1773 0.238281 0.719792 0.079687 0.131250
0 1776 0.238281 0.719792 0.079687 0.131250
0 1779 0.238281 0.719792 0.079687 0.131250
0 1782 0.238281 0.719792 0.079687 0.131250
0 1785 0.238281 0.719792 0.079687 0.131250
0 1788 0.238281 0.719792 0.079687 0.131250
0 1791 0.238281 0.719792 0.079687 0.131250
0 1794 0.238281 0.719792 0.079687 0.131250
0 1797 0.247656 0.732292 0.089063 0.110417
0 1800 0.247656 0.732292 0.089063 0.110417
0 1803 0.247656 0.732292 0.089063 0.110417
0 1806 0.247656 0.732292 0.089063 0.110417
0 1809 0.247656 0.732292 0.089063 0.110417
0 1812 0.247656 0.732292 0.089063 0.110417
0 1815 0.247656 0.732292 0.089063 0.110417
0 1818 0.247656 0.732292 0.089063 0.110417
0 1821 0.247656 0.732292 0.089063 0.110417
0 1824 0.247656 0.732292 0.089063 0.110417
0 1827 0.247656 0.732292 0.089063 0.110417
0 1830 0.247656 0.732292 0.089063 0.110417
0 1833 0.247656 0.732292 0.089063 0.110417
0 1836 0.247656 0.732292 0.089063 0.110417
0 1839 0.247656 0.732292 0.089063 0.110417
0 1842 0.247656 0.732292 0.089063 0.110417
0 1845 0.247656 0.732292 0.089063 0.110417
0 1848 0.247656 0.732292 0.089063 0.110417
0 1851 0.247656 0.732292 0.089063 0.110417
0 1854 0.247656 0.732292 0.089063 0.110417
0 1857 0.247656 0.732292 0.089063 0.110417
0 1860 0.247656 0.732292 0.089063 0.110417
0 1863 0.247656 0.732292 0.089063 0.110417
0 1866 0.247656 0.732292 0.089063 0.110417
0 1869 0.247656 0.732292 0.089063 0.110417
0 1872 0.247656 0.732292 0.089063 0.110417
0 1875 0.247656 0.732292 0.089063 0.110417
0 1878 0.247656 0.732292 0.089063 0.110417
0 1881 0.247656 0.732292 0.089063 0.110417
0 1884 0.247656 0.732292 0.089063 0.110417
0 1887 0.247656 0.732292 0.089063 0.110417
0 1890 0.247656 0.732292 0.089063 0.110417
0 1893 0.247656 0.732292 0.089063 0.110417
0 1896 0.247656 0.732292 0.089063 0.110417
0 1899 0.247656 0.732292 0.089063 0.110417
0 1902 0.247656 0.732292 0.089063 0.110417
0 1905 0.247656 0.732292 0.089063 0.110417
0 1908 0.247656 0.732292 0.089063 0.110417
0 1911 0.247656 0.732292 0.089063 0.110417
0 1914 0.247656 0.732292 0.089063 0.110417
0 1917 0.247656 0.732292 0.089063 0.110417
0 1920 0.247656 0.732292 0.089063 0.110417
0 1923 0.247656 0.732292 0.089063 0.110417
0 1926 0.247656 0.732292 0.089063 0.110417
0 1929 0.247656 0.732292 0.089063 0.110417
0 1932 0.247656 0.732292 0.089063 0.110417
0 1935 0.247656 0.732292 0.089063 0.110417
0 1938 0.247656 0.732292 0.089063 0.110417
0 1941 0.247656 0.732292 0.089063 0.110417
0 1944 0.247656 0.732292 0.089063 0.110417
0 1947 0.247656 0.732292 0.089063 0.110417
0 1950 0.247656 0.732292 0.089063 0.110417
0 1953 0.247656 0.732292 0.089063 0.110417
0 1956 0.247656 0.732292 0.089063 0.110417
0 1959 0.247656 0.732292 0.089063 0.110417
0 1962 0.247656 0.732292 0.089063 0.110417
0 1965 0.247656 0.732292 0.089063 0.110417
0 1968 0.247656 0.732292 0.089063 0.110417
0 1971 0.247656 0.732292 0.089063 0.110417
0 1974 0.247656 0.732292 0.089063 0.110417
0 1977 0.247656 0.732292 0.089063 0.110417
0 1980 0.247656 0.732292 0.089063 0.110417
0 1983 0.247656 0.732292 0.089063 0.110417
0 1986 0.247656 0.732292 0.089063 0.110417
0 1989 0.247656 0.732292 0.089063 0.110417
0 1992 0.247656 0.732292 0.089063 0.110417
0 1995 0.247656 0.732292 0.089063 0.110417
0 1998 0.247656 0.732292 0.089063 0.110417
0 2001 0.247656 0.732292 0.089063 0.110417
0 2004 0.247656 0.732292 0.089063 0.110417
0 2007 0.247656 0.732292 0.089063 0.110417
0 2010 0.247656 0.732292 0.089063 0.110417
0 2013 0.247656 0.732292 0.089063 0.110417
0 2016 0.247656 0.732292 0.089063 0.110417
0 2019 0.247656 0.732292 0.089063 0.110417
0 2022 0.247656 0.732292 0.089063 0.110417
0 2025 0.247656 0.732292 0.089063 0.110417
0 2028 0.247656 0.732292 0.089063 0.110417
0 2031 0.247656 0.732292 0.089063 0.110417
0 2034 0.247656 0.732292 0.089063 0.110417
0 2037 0.247656 0.732292 0.089063 0.110417
0 2040 0.247656 0.732292 0.089063 0.110417
0 2043 0.247656 0.732292 0.089063 0.110417
0 2046 0.247656 0.732292 0.089063 0.110417
0 2049 0.247656 0.732292 0.089063 0.110417
0 2052 0.247656 0.732292 0.089063 0.110417
0 2055 0.247656 0.732292 0.089063 0.110417
0 2058 0.247656 0.732292 0.089063 0.110417
0 2061 0.247656 0.732292 0.089063 0.110417
0 2064 0.247656 0.732292 0.089063 0.110417
0 2067 0.247656 0.732292 0.089063 0.110417
0 2070 0.247656 0.732292 0.089063 0.110417
0 2073 0.247656 0.732292 0.089063 0.110417
0 2076 0.247656 0.732292 0.089063 0.110417
0 2079 0.247656 0.732292 0.089063 0.110417
0 2082 0.247656 0.732292 0.089063 0.110417
0 2085 0.247656 0.732292 0.089063 0.110417
0 2088 0.247656 0.732292 0.089063 0.110417
0 2091 0.247656 0.732292 0.089063 0.110417
0 2094 0.247656 0.732292 0.089063 0.110417
0 2097 0.247656 0.732292 0.089063 0.110417
0 2100 0.247656 0.732292 0.089063 0.110417
0 2103 0.247656 0.732292 0.089063 0.110417
0 2106 0.247656 0.732292 0.089063 0.110417
0 2109 0.247656 0.732292 0.089063 0.110417
0 2112 0.247656 0.732292 0.089063 0.110417
0 2115 0.247656 0.732292 0.089063 0.110417
0 2118 0.247656 0.732292 0.089063 0.110417
0 2121 0.247656 0.732292 0.089063 0.110417
0 2124 0.247656 0.732292 0.089063 0.110417
0 2127 0.247656 0.732292 0.089063 0.110417
0 2130 0.247656 0.732292 0.089063 0.110417
0 2133 0.247656 0.732292 0.089063 0.110417
0 2136 0.247656 0.732292 0.089063 0.110417
0 2139 0.247656 0.732292 0.089063 0.110417
0 2142 0.247656 0.732292 0.089063 0.110417
0 2145 0.247656 0.732292 0.089063 0.110417
0 2148 0.247656 0.732292 0.089063 0.110417
0 2151 0.247656 0.732292 0.089063 0.110417
0 2154 0.247656 0.732292 0.089063 0.110417
0 2157 0.247656 0.732292 0.089063 0.110417
0 2160 0.247656 0.732292 0.089063 0.110417
0 2163 0.247656 0.732292 0.089063 0.110417
0 2166 0.247656 0.732292 0.089063 0.110417
0 2169 0.247656 0.732292 0.089063 0.110417
0 2172 0.247656 0.732292 0.089063 0.110417
0 2175 0.247656 0.732292 0.089063 0.110417
0 2178 0.247656 0.732292 0.089063 0.110417
0 2181 0.247656 0.732292 0.089063 0.110417
0 2184 0.247656 0.732292 0.089063 0.110417
0 2187 0.247656 0.732292 0.089063 0.110417
