0 1596 0.285417 0.446875 0.126389 0.122917
0 1599 0.285417 0.446875 0.126389 0.122917
0 1602 0.285417 0.446875 0.126389 0.122917
0 1605 0.285417 0.446875 0.126389 0.122917
0 1608 0.285417 0.446875 0.126389 0.122917
0 1611 0.285417 0.446875 0.126389 0.122917
0 1614 0.285417 0.446875 0.126389 0.122917
0 1617 0.285417 0.446875 0.126389 0.122917
0 1620 0.285417 0.446875 0.126389 0.122917
0 1623 0.285417 0.446875 0.126389 0.122917
0 1626 0.285417 0.446875 0.126389 0.122917
0 1629 0.285417 0.446875 0.126389 0.122917
0 1632 0.285417 0.446875 0.126389 0.122917
0 1635 0.285417 0.446875 0.126389 0.122917
0 1638 0.285417 0.446875 0.126389 0.122917
0 1641 0.285417 0.446875 0.126389 0.122917
0 1644 0.285417 0.446875 0.126389 0.122917
0 1647 0.285417 0.446875 0.126389 0.122917
0 1650 0.285417 0.446875 0.126389 0.122917
0 1653 0.285417 0.446875 0.126389 0.122917
0 1656 0.285417 0.446875 0.126389 0.122917
0 1659 0.285417 0.446875 0.126389 0.122917
0 1662 0.285417 0.446875 0.126389 0.122917
0 1665 0.285417 0.446875 0.126389 0.122917
0 1668 0.285417 0.446875 0.126389 0.122917
0 1671 0.285417 0.446875 0.126389 0.122917
0 1674 0.286111 0.446875 0.125000 0.122917
0 1677 0.286111 0.446875 0.125000 0.122917
0 1680 0.286111 0.446875 0.125000 0.122917
0 1683 0.286111 0.446875 0.125000 0.122917
0 1686 0.286111 0.446875 0.125000 0.122917
0 1689 0.286111 0.446875 0.125000 0.122917
0 1692 0.286111 0.446875 0.125000 0.122917
0 1695 0.286111 0.446875 0.125000 0.122917
0 1698 0.286111 0.446875 0.125000 0.122917
0 1701 0.286111 0.446875 0.125000 0.122917
0 1704 0.286111 0.446875 0.125000 0.122917
0 1707 0.286111 0.446875 0.125000 0.122917
0 1710 0.286111 0.446875 0.125000 0.122917
0 1713 0.286111 0.446875 0.125000 0.122917
0 1716 0.286111 0.446875 0.125000 0.122917
0 1719 0.286111 0.446875 0.125000 0.122917
0 1722 0.286111 0.446875 0.125000 0.122917
0 1725 0.286806 0.446875 0.123611 0.122917
0 1728 0.286806 0.446875 0.123611 0.122917
0 1731 0.286806 0.446875 0.123611 0.122917
0 1734 0.286806 0.446875 0.123611 0.122917
0 1737 0.286806 0.446875 0.123611 0.122917
0 1740 0.286806 0.446875 0.123611 0.122917
0 1743 0.286806 0.446875 0.123611 0.122917
0 1746 0.286806 0.446875 0.123611 0.122917
0 1749 0.286806 0.446875 0.123611 0.122917
0 1752 0.286806 0.446875 0.123611 0.122917
0 1755 0.286806 0.446875 0.123611 0.122917
0 1758 0.286806 0.446875 0.123611 0.122917
0 1761 0.286806 0.446875 0.123611 0.122917
0 1764 0.286806 0.446875 0.123611 0.122917
0 1767 0.286806 0.446875 0.123611 0.122917
0 1770 0.286806 0.446875 0.123611 0.122917
0 1773 0.286806 0.446875 0.123611 0.122917
0 1776 0.286806 0.446875 0.123611 0.122917
0 1779 0.286806 0.446875 0.123611 0.122917
0 1782 0.286806 0.446875 0.123611 0.122917
0 1785 0.286806 0.446875 0.123611 0.122917
0 1788 0.286806 0.446875 0.123611 0.122917
0 1791 0.286806 0.446875 0.123611 0.122917
0 1794 0.286806 0.446875 0.123611 0.122917
0 1797 0.286806 0.446875 0.123611 0.122917
0 1800 0.286806 0.446875 0.123611 0.122917
0 1803 0.286806 0.446875 0.123611 0.122917
0 1806 0.286806 0.446875 0.123611 0.122917
0 1809 0.286806 0.446875 0.123611 0.122917
0 1812 0.286806 0.446875 0.123611 0.122917
0 1815 0.286806 0.446875 0.123611 0.122917
0 1818 0.286806 0.446875 0.123611 0.122917
0 1821 0.286806 0.446875 0.123611 0.122917
0 1824 0.286806 0.446875 0.123611 0.122917
0 1827 0.286806 0.446875 0.123611 0.122917
0 1830 0.286806 0.446875 0.123611 0.122917
0 1833 0.286806 0.446875 0.123611 0.122917
0 1836 0.286806 0.446875 0.123611 0.122917
0 1839 0.286806 0.446875 0.123611 0.122917
0 1842 0.286806 0.446875 0.123611 0.122917
0 1845 0.286806 0.446875 0.123611 0.122917
0 1848 0.286806 0.446875 0.123611 0.122917
0 1851 0.286806 0.446875 0.123611 0.122917
0 1854 0.286806 0.446875 0.123611 0.122917
0 1857 0.286806 0.446875 0.123611 0.122917
0 1860 0.286806 0.446875 0.123611 0.122917
0 1863 0.286806 0.446875 0.123611 0.122917
0 1866 0.286806 0.446875 0.123611 0.122917
0 1869 0.286806 0.446875 0.123611 0.122917
0 1872 0.286806 0.446875 0.123611 0.122917
0 1875 0.288194 0.447917 0.120833 0.120833
0 1878 0.288194 0.447917 0.120833 0.120833
0 1881 0.288194 0.447917 0.120833 0.120833
0 1884 0.288194 0.447917 0.120833 0.120833
0 1887 0.288194 0.447917 0.120833 0.120833
0 1890 0.288194 0.447917 0.120833 0.120833
0 1893 0.288194 0.447917 0.120833 0.120833
0 1896 0.288194 0.447917 0.120833 0.120833
0 1899 0.288194 0.447917 0.120833 0.120833
0 1902 0.288194 0.447917 0.120833 0.120833
0 1905 0.288194 0.447917 0.120833 0.120833
0 1908 0.288194 0.447917 0.120833 0.120833
0 1911 0.288194 0.447917 0.120833 0.120833
0 1914 0.288194 0.447917 0.120833 0.120833
0 1917 0.288194 0.447917 0.120833 0.120833
0 1920 0.288194 0.447917 0.120833 0.120833
0 1923 0.288194 0.447917 0.120833 0.120833
0 1926 0.288194 0.447917 0.120833 0.120833
0 1929 0.288194 0.447917 0.120833 0.120833
0 1932 0.288194 0.447917 0.120833 0.120833
0 1935 0.288194 0.447917 0.120833 0.120833
0 1938 0.288194 0.447917 0.120833 0.120833
0 1941 0.288194 0.447917 0.120833 0.120833
0 1944 0.288194 0.447917 0.120833 0.120833
0 1947 0.288194 0.447917 0.120833 0.120833
0 1950 0.288194 0.447917 0.120833 0.120833
0 1953 0.288194 0.447917 0.120833 0.120833
0 1956 0.288194 0.447917 0.120833 0.120833
0 1959 0.288194 0.447917 0.120833 0.120833
0 1962 0.288194 0.447917 0.120833 0.120833
0 1965 0.288194 0.447917 0.120833 0.120833
0 1968 0.288194 0.447917 0.120833 0.120833
0 1971 0.288194 0.447917 0.120833 0.120833
0 1974 0.288194 0.447917 0.120833 0.120833
0 1977 0.288194 0.447917 0.120833 0.120833
0 1980 0.288194 0.447917 0.120833 0.120833
0 1983 0.288194 0.447917 0.120833 0.120833
0 1986 0.288194 0.447917 0.120833 0.120833
0 1989 0.288194 0.447917 0.120833 0.120833
0 1992 0.288194 0.447917 0.120833 0.120833
0 1995 0.288194 0.447917 0.120833 0.120833
0 1998 0.288194 0.447917 0.120833 0.120833
0 2001 0.288194 0.447917 0.120833 0.120833
0 2004 0.288194 0.447917 0.120833 0.120833
0 2007 0.288194 0.447917 0.120833 0.120833
0 2010 0.288194 0.447917 0.120833 0.120833
0 2013 0.288194 0.447917 0.120833 0.120833
0 2016 0.288194 0.447917 0.120833 0.120833
0 2019 0.288194 0.447917 0.120833 0.120833
0 2022 0.288194 0.447917 0.120833 0.120833
0 2025 0.288194 0.447917 0.120833 0.120833
0 2028 0.288194 0.447917 0.120833 0.120833
0 2031 0.288194 0.447917 0.120833 0.120833
0 2034 0.288194 0.447917 0.120833 0.120833
0 2037 0.288194 0.447917 0.120833 0.120833
0 2040 0.288194 0.447917 0.120833 0.120833
0 2043 0.288194 0.447917 0.120833 0.120833
0 2046 0.288194 0.447917 0.120833 0.120833
0 2049 0.288194 0.447917 0.120833 0.120833
0 2052 0.288194 0.447917 0.120833 0.120833
0 2055 0.288194 0.447917 0.120833 0.120833
0 2058 0.288194 0.447917 0.120833 0.120833
0 2061 0.288194 0.447917 0.120833 0.120833
0 2064 0.288194 0.447917 0.120833 0.120833
0 2067 0.288194 0.447917 0.120833 0.120833
0 2070 0.288194 0.447917 0.120833 0.120833
0 2073 0.288194 0.447917 0.120833 0.120833
0 2076 0.288194 0.447917 0.120833 0.120833
0 2079 0.288194 0.447917 0.120833 0.120833
0 2082 0.288194 0.447917 0.120833 0.120833
0 2085 0.288194 0.447917 0.120833 0.120833
0 2088 0.288194 0.447917 0.120833 0.120833
0 2091 0.288194 0.447917 0.120833 0.120833
0 2094 0.288194 0.447917 0.120833 0.120833
0 2097 0.288194 0.447917 0.120833 0.120833
0 2100 0.288194 0.447917 0.120833 0.120833
0 2103 0.288194 0.447917 0.120833 0.120833
0 2106 0.288194 0.447917 0.120833 0.120833
0 2109 0.288194 0.447917 0.120833 0.120833
0 2112 0.288194 0.447917 0.120833 0.120833
0 2115 0.288194 0.447917 0.120833 0.120833
0 2118 0.288194 0.447917 0.120833 0.120833
0 2121 0.288194 0.447917 0.120833 0.120833
0 2124 0.288194 0.447917 0.120833 0.120833
0 2127 0.288194 0.447917 0.120833 0.120833
0 2130 0.288194 0.447917 0.120833 0.120833
0 2133 0.288194 0.447917 0.120833 0.120833
0 2136 0.288194 0.447917 0.120833 0.120833
0 2139 0.288194 0.447917 0.120833 0.120833
0 2142 0.288194 0.447917 0.120833 0.120833
0 2145 0.288194 0.447917 0.120833 0.120833
0 2148 0.288194 0.447917 0.120833 0.120833
0 2151 0.288194 0.447917 0.120833 0.120833
0 2154 0.288194 0.447917 0.120833 0.120833
0 2157 0.288194 0.447917 0.120833 0.120833
0 2160 0.288194 0.447917 0.120833 0.120833
0 2163 0.288194 0.447917 0.120833 0.120833
0 2166 0.288194 0.447917 0.120833 0.120833
0 2169 0.288194 0.447917 0.120833 0.120833
0 2172 0.288194 0.447917 0.120833 0.120833
0 2175 0.288194 0.447917 0.120833 0.120833
0 2178 0.288194 0.447917 0.120833 0.120833
0 2181 0.288194 0.447917 0.120833 0.120833
0 2184 0.288194 0.447917 0.120833 0.120833
0 2187 0.288194 0.447917 0.120833 0.120833
0 2190 0.288194 0.447917 0.120833 0.120833
0 2193 0.288194 0.447917 0.120833 0.120833
0 2196 0.288194 0.447917 0.120833 0.120833
0 2199 0.288194 0.447917 0.120833 0.120833
0 2202 0.288194 0.447917 0.120833 0.120833
0 2205 0.288194 0.447917 0.120833 0.120833
0 2208 0.288194 0.447917 0.120833 0.120833
0 2211 0.288194 0.447917 0.120833 0.120833
0 2214 0.288194 0.447917 0.120833 0.120833
0 2217 0.288194 0.447917 0.120833 0.120833
0 2220 0.288194 0.447917 0.120833 0.120833
0 2223 0.288194 0.447917 0.120833 0.120833
0 2226 0.288194 0.447917 0.120833 0.120833
0 2229 0.288194 0.447917 0.120833 0.120833
0 2232 0.288194 0.447917 0.120833 0.120833
0 2235 0.288194 0.447917 0.120833 0.120833
0 2238 0.288194 0.447917 0.120833 0.120833
0 2241 0.288194 0.447917 0.120833 0.120833
0 2244 0.288194 0.447917 0.120833 0.120833
0 2247 0.288194 0.447917 0.120833 0.120833
0 2250 0.288194 0.447917 0.120833 0.120833
0 2253 0.288194 0.447917 0.120833 0.120833
0 2256 0.288194 0.447917 0.120833 0.120833
0 2259 0.288194 0.447917 0.120833 0.120833
