0 1440 0.229687 0.712500 0.071875 0.145833
0 1443 0.229687 0.712500 0.071875 0.145833
0 1446 0.229687 0.712500 0.071875 0.145833
0 1449 0.229687 0.712500 0.071875 0.145833
0 1452 0.229687 0.713542 0.071875 0.143750
0 1455 0.229687 0.713542 0.071875 0.143750
0 1458 0.229687 0.711458 0.071875 0.143750
0 1461 0.229687 0.712500 0.071875 0.145833
0 1464 0.229687 0.712500 0.071875 0.145833
0 1467 0.229687 0.712500 0.071875 0.145833
0 1470 0.229687 0.712500 0.071875 0.145833
0 1473 0.229687 0.712500 0.071875 0.145833
0 1476 0.229687 0.711458 0.071875 0.143750
0 1479 0.229687 0.712500 0.071875 0.145833
0 1482 0.229687 0.712500 0.071875 0.145833
0 1485 0.229687 0.711458 0.071875 0.143750
0 1488 0.230469 0.712500 0.073438 0.145833
0 1491 0.230469 0.712500 0.073438 0.145833
0 1494 0.230469 0.713542 0.073438 0.143750
0 1497 0.230469 0.713542 0.073438 0.143750
0 1500 0.230469 0.713542 0.073438 0.143750
0 1503 0.230469 0.713542 0.073438 0.143750
0 1506 0.230469 0.713542 0.073438 0.143750
0 1509 0.230469 0.713542 0.073438 0.143750
0 1512 0.230469 0.713542 0.073438 0.143750
0 1515 0.230469 0.713542 0.073438 0.143750
0 1518 0.231250 0.713542 0.075000 0.143750
0 1521 0.231250 0.714583 0.075000 0.141667
0 1524 0.232031 0.714583 0.073438 0.141667
0 1527 0.232031 0.714583 0.073438 0.141667
0 1530 0.232031 0.714583 0.073438 0.141667
0 1533 0.232031 0.714583 0.073438 0.141667
0 1536 0.232031 0.714583 0.073438 0.141667
0 1539 0.232031 0.714583 0.073438 0.141667
0 1542 0.232031 0.714583 0.073438 0.141667
0 1545 0.232031 0.714583 0.073438 0.141667
0 1548 0.232031 0.714583 0.073438 0.141667
0 1551 0.232031 0.714583 0.073438 0.141667
0 1554 0.232031 0.714583 0.073438 0.141667
0 1557 0.232031 0.714583 0.073438 0.141667
