0 1788 0.285417 0.447917 0.126389 0.120833
0 1791 0.286111 0.447917 0.125000 0.120833
0 1794 0.285417 0.447917 0.126389 0.120833
0 1797 0.285417 0.447917 0.126389 0.120833
0 1800 0.286806 0.447917 0.123611 0.120833
0 1803 0.286111 0.447917 0.125000 0.120833
0 1806 0.285417 0.447917 0.126389 0.120833
0 1809 0.285417 0.447917 0.126389 0.120833
0 1812 0.285417 0.447917 0.126389 0.120833
0 1815 0.285417 0.447917 0.126389 0.120833
0 1818 0.285417 0.447917 0.126389 0.120833
0 1821 0.286111 0.447917 0.125000 0.120833
0 1824 0.285417 0.447917 0.126389 0.120833
0 1827 0.285417 0.447917 0.126389 0.120833
0 1830 0.285417 0.447917 0.126389 0.120833
0 1833 0.285417 0.447917 0.126389 0.120833
0 1836 0.286111 0.447917 0.125000 0.120833
0 1839 0.286111 0.447917 0.125000 0.120833
0 1842 0.285417 0.447917 0.126389 0.120833
0 1845 0.285417 0.447917 0.126389 0.120833
