0 1248 0.620833 0.358333 0.086111 0.150000
0 1251 0.620833 0.358333 0.086111 0.150000
0 1254 0.620833 0.358333 0.086111 0.150000
0 1257 0.620833 0.358333 0.086111 0.150000
0 1260 0.620833 0.358333 0.086111 0.150000
0 1263 0.620833 0.358333 0.086111 0.150000
0 1266 0.620833 0.358333 0.086111 0.150000
0 1269 0.620833 0.358333 0.086111 0.150000
0 1272 0.620833 0.358333 0.086111 0.150000
0 1275 0.620833 0.358333 0.086111 0.150000
0 1278 0.620833 0.358333 0.086111 0.150000
0 1281 0.620833 0.358333 0.086111 0.150000
0 1284 0.620833 0.358333 0.086111 0.150000
0 1287 0.620833 0.358333 0.086111 0.150000
0 1290 0.620833 0.358333 0.086111 0.150000
0 1293 0.620833 0.358333 0.086111 0.150000
0 1296 0.620833 0.358333 0.086111 0.150000
0 1299 0.620833 0.358333 0.086111 0.150000
0 1302 0.620833 0.358333 0.086111 0.150000
0 1305 0.620833 0.358333 0.086111 0.150000
0 1308 0.620833 0.358333 0.086111 0.150000
0 1311 0.620833 0.358333 0.086111 0.150000
0 1314 0.620833 0.358333 0.086111 0.150000
0 1317 0.620833 0.358333 0.086111 0.150000
0 1320 0.620833 0.358333 0.086111 0.150000
0 1323 0.620833 0.358333 0.086111 0.150000
0 1326 0.620833 0.358333 0.086111 0.150000
0 1329 0.620833 0.358333 0.086111 0.150000
0 1332 0.620833 0.358333 0.086111 0.150000
0 1335 0.620833 0.358333 0.086111 0.150000
0 1338 0.620833 0.358333 0.086111 0.150000
0 1341 0.620833 0.358333 0.086111 0.150000
0 1344 0.620833 0.358333 0.086111 0.150000
0 1347 0.620833 0.358333 0.086111 0.150000
0 1350 0.620833 0.358333 0.086111 0.150000
0 1353 0.620833 0.358333 0.086111 0.150000
0 1356 0.620833 0.358333 0.086111 0.150000
0 1359 0.620833 0.358333 0.086111 0.150000
0 1362 0.620833 0.358333 0.086111 0.150000
0 1365 0.620833 0.358333 0.086111 0.150000
0 1368 0.620833 0.358333 0.086111 0.150000
0 1371 0.620833 0.358333 0.086111 0.150000
0 1374 0.620833 0.358333 0.086111 0.150000
0 1377 0.620833 0.358333 0.086111 0.150000
0 1380 0.620833 0.358333 0.086111 0.150000
0 1383 0.620833 0.358333 0.086111 0.150000
0 1386 0.620833 0.358333 0.086111 0.150000
0 1389 0.620833 0.358333 0.086111 0.150000
0 1392 0.620833 0.358333 0.086111 0.150000
0 1395 0.620833 0.358333 0.086111 0.150000
0 1398 0.620833 0.358333 0.086111 0.150000
0 1401 0.620833 0.358333 0.086111 0.150000
0 1404 0.620833 0.358333 0.086111 0.150000
0 1407 0.620833 0.358333 0.086111 0.150000
0 1410 0.620833 0.358333 0.086111 0.150000
0 1413 0.620833 0.358333 0.086111 0.150000
0 1416 0.620833 0.358333 0.086111 0.150000
0 1419 0.620833 0.358333 0.086111 0.150000
0 1422 0.620833 0.358333 0.086111 0.150000
0 1425 0.620833 0.358333 0.086111 0.150000
0 1428 0.620833 0.358333 0.086111 0.150000
0 1431 0.620833 0.358333 0.086111 0.150000
0 1434 0.620833 0.358333 0.086111 0.150000
0 1437 0.620833 0.358333 0.086111 0.150000
0 1440 0.620833 0.358333 0.086111 0.150000
0 1443 0.620833 0.358333 0.086111 0.150000
0 1446 0.620833 0.358333 0.086111 0.150000
0 1449 0.620833 0.358333 0.086111 0.150000
0 1452 0.620833 0.358333 0.086111 0.150000
0 1455 0.620833 0.358333 0.086111 0.150000
0 1458 0.620833 0.358333 0.086111 0.150000
0 1461 0.620833 0.358333 0.086111 0.150000
0 1464 0.620833 0.358333 0.086111 0.150000
0 1467 0.620833 0.358333 0.086111 0.150000
0 1470 0.620833 0.358333 0.086111 0.150000
0 1473 0.620833 0.358333 0.086111 0.150000
0 1476 0.620833 0.358333 0.086111 0.150000
0 1479 0.620833 0.358333 0.086111 0.150000
0 1482 0.620833 0.358333 0.086111 0.150000
0 1485 0.620833 0.358333 0.086111 0.150000
0 1488 0.620833 0.358333 0.086111 0.150000
0 1491 0.620833 0.358333 0.086111 0.150000
0 1494 0.620833 0.358333 0.086111 0.150000
0 1497 0.620833 0.358333 0.086111 0.150000
0 1500 0.620833 0.358333 0.086111 0.150000
0 1503 0.620833 0.358333 0.086111 0.150000
0 1506 0.620833 0.358333 0.086111 0.150000
0 1509 0.620833 0.358333 0.086111 0.150000
0 1512 0.620833 0.358333 0.086111 0.150000
0 1515 0.620833 0.358333 0.086111 0.150000
0 1518 0.620833 0.358333 0.086111 0.150000
0 1521 0.620833 0.358333 0.086111 0.150000
0 1524 0.620833 0.358333 0.086111 0.150000
0 1527 0.620833 0.358333 0.086111 0.150000
0 1530 0.620833 0.358333 0.086111 0.150000
0 1533 0.620833 0.358333 0.086111 0.150000
0 1536 0.620833 0.358333 0.086111 0.150000
0 1539 0.620833 0.358333 0.086111 0.150000
0 1542 0.620833 0.358333 0.086111 0.150000
0 1545 0.620833 0.358333 0.086111 0.150000
0 1548 0.620833 0.358333 0.086111 0.150000
0 1551 0.620833 0.358333 0.086111 0.150000
0 1554 0.620833 0.358333 0.086111 0.150000
0 1557 0.620833 0.358333 0.086111 0.150000
0 1560 0.620833 0.358333 0.086111 0.150000
0 1563 0.620833 0.358333 0.086111 0.150000
0 1566 0.620833 0.358333 0.086111 0.150000
0 1569 0.620833 0.358333 0.086111 0.150000
0 1572 0.620833 0.358333 0.086111 0.150000
0 1575 0.620833 0.358333 0.086111 0.150000
0 1578 0.620833 0.358333 0.086111 0.150000
0 1581 0.620833 0.358333 0.086111 0.150000
0 1584 0.620833 0.358333 0.086111 0.150000
0 1587 0.620833 0.358333 0.086111 0.150000
0 1590 0.620833 0.358333 0.086111 0.150000
0 1593 0.620833 0.358333 0.086111 0.150000
0 1596 0.620833 0.358333 0.086111 0.150000
0 1599 0.620833 0.358333 0.086111 0.150000
0 1602 0.620833 0.358333 0.086111 0.150000
0 1605 0.620833 0.358333 0.086111 0.150000
0 1608 0.620833 0.358333 0.086111 0.150000
0 1611 0.620833 0.358333 0.086111 0.150000
0 1614 0.620833 0.358333 0.086111 0.150000
0 1617 0.620833 0.358333 0.086111 0.150000
0 1620 0.620833 0.358333 0.086111 0.150000
0 1623 0.620833 0.358333 0.086111 0.150000
0 1626 0.620833 0.358333 0.086111 0.150000
0 1629 0.620833 0.358333 0.086111 0.150000
0 1632 0.620833 0.358333 0.086111 0.150000
0 1635 0.620833 0.358333 0.086111 0.150000
0 1638 0.620833 0.358333 0.086111 0.150000
0 1641 0.620833 0.358333 0.086111 0.150000
0 1644 0.620833 0.358333 0.086111 0.150000
0 1647 0.620833 0.358333 0.086111 0.150000
0 1650 0.620833 0.358333 0.086111 0.150000
0 1653 0.620833 0.358333 0.086111 0.150000
0 1656 0.620833 0.358333 0.086111 0.150000
0 1659 0.620833 0.358333 0.086111 0.150000
0 1662 0.620833 0.358333 0.086111 0.150000
0 1665 0.620833 0.358333 0.086111 0.150000
0 1668 0.620833 0.358333 0.086111 0.150000
0 1671 0.620833 0.358333 0.086111 0.150000
0 1674 0.620833 0.358333 0.086111 0.150000
0 1677 0.620833 0.358333 0.086111 0.150000
0 1680 0.620833 0.358333 0.086111 0.150000
0 1683 0.620833 0.358333 0.086111 0.150000
0 1686 0.620833 0.358333 0.086111 0.150000
0 1689 0.620833 0.358333 0.086111 0.150000
0 1692 0.620833 0.358333 0.086111 0.150000
0 1695 0.620833 0.358333 0.086111 0.150000
0 1698 0.620833 0.358333 0.086111 0.150000
0 1701 0.620833 0.358333 0.086111 0.150000
0 1704 0.620833 0.358333 0.086111 0.150000
0 1707 0.620833 0.358333 0.086111 0.150000
0 1710 0.620833 0.358333 0.086111 0.150000
0 1713 0.620833 0.358333 0.086111 0.150000
0 1716 0.620833 0.358333 0.086111 0.150000
0 1719 0.620833 0.358333 0.086111 0.150000
0 1722 0.620833 0.358333 0.086111 0.150000
0 1725 0.620833 0.358333 0.086111 0.150000
0 1728 0.620833 0.358333 0.086111 0.150000
0 1731 0.620833 0.358333 0.086111 0.150000
0 1734 0.620833 0.358333 0.086111 0.150000
0 1737 0.620833 0.358333 0.086111 0.150000
0 1740 0.620833 0.358333 0.086111 0.150000
0 1743 0.620833 0.358333 0.086111 0.150000
0 1746 0.620833 0.358333 0.086111 0.150000
0 1749 0.620833 0.358333 0.086111 0.150000
0 1752 0.620833 0.358333 0.086111 0.150000
0 1755 0.620833 0.358333 0.086111 0.150000
0 1758 0.620833 0.358333 0.086111 0.150000
0 1761 0.620833 0.358333 0.086111 0.150000
0 1764 0.620833 0.358333 0.086111 0.150000
0 1767 0.620833 0.358333 0.086111 0.150000
0 1770 0.620833 0.358333 0.086111 0.150000
0 1773 0.620833 0.358333 0.086111 0.150000
0 1776 0.620833 0.358333 0.086111 0.150000
0 1779 0.620833 0.358333 0.086111 0.150000
0 1782 0.620833 0.358333 0.086111 0.150000
0 1785 0.620833 0.358333 0.086111 0.150000
0 1788 0.620833 0.358333 0.086111 0.150000
0 1791 0.620833 0.358333 0.086111 0.150000
0 1794 0.620833 0.358333 0.086111 0.150000
0 1797 0.620833 0.358333 0.086111 0.150000
0 1800 0.620833 0.358333 0.086111 0.150000
0 1803 0.620833 0.358333 0.086111 0.150000
0 1806 0.620833 0.358333 0.086111 0.150000
0 1809 0.620833 0.358333 0.086111 0.150000
0 1812 0.620833 0.358333 0.086111 0.150000
0 1815 0.620833 0.358333 0.086111 0.150000
0 1818 0.620833 0.358333 0.086111 0.150000
0 1821 0.620833 0.358333 0.086111 0.150000
0 1824 0.620833 0.358333 0.086111 0.150000
0 1827 0.620833 0.358333 0.086111 0.150000
0 1830 0.620833 0.358333 0.086111 0.150000
0 1833 0.620833 0.358333 0.086111 0.150000
0 1836 0.620833 0.358333 0.086111 0.150000
0 1839 0.620833 0.358333 0.086111 0.150000
0 1842 0.620833 0.358333 0.086111 0.150000
0 1845 0.620833 0.358333 0.086111 0.150000
0 1848 0.620833 0.358333 0.086111 0.150000
0 1851 0.620833 0.358333 0.086111 0.150000
0 1854 0.620833 0.358333 0.086111 0.150000
0 1857 0.620833 0.358333 0.086111 0.150000
0 1860 0.620833 0.358333 0.086111 0.150000
0 1863 0.620833 0.358333 0.086111 0.150000
0 1866 0.620833 0.358333 0.086111 0.150000
0 1869 0.620833 0.358333 0.086111 0.150000
0 1872 0.620833 0.358333 0.086111 0.150000
0 1875 0.620833 0.358333 0.086111 0.150000
0 1878 0.620833 0.358333 0.086111 0.150000
0 1881 0.620833 0.358333 0.086111 0.150000
0 1884 0.620833 0.358333 0.086111 0.150000
0 1887 0.620833 0.358333 0.086111 0.150000
0 1890 0.620833 0.358333 0.086111 0.150000
0 1893 0.620833 0.358333 0.086111 0.150000
0 1896 0.620833 0.358333 0.086111 0.150000
0 1899 0.620833 0.358333 0.086111 0.150000
0 1902 0.620833 0.358333 0.086111 0.150000
0 1905 0.620833 0.358333 0.086111 0.150000
0 1908 0.620833 0.358333 0.086111 0.150000
0 1911 0.620833 0.358333 0.086111 0.150000
0 1914 0.620833 0.358333 0.086111 0.150000
0 1917 0.620833 0.358333 0.086111 0.150000
0 1920 0.620833 0.358333 0.086111 0.150000
0 1923 0.620833 0.358333 0.086111 0.150000
0 1926 0.620833 0.358333 0.086111 0.150000
0 1929 0.620833 0.358333 0.086111 0.150000
0 1932 0.620833 0.358333 0.086111 0.150000
0 1935 0.620833 0.358333 0.086111 0.150000
0 1938 0.620833 0.358333 0.086111 0.150000
0 1941 0.620833 0.358333 0.086111 0.150000
0 1944 0.620833 0.358333 0.086111 0.150000
0 1947 0.620833 0.358333 0.086111 0.150000
0 1950 0.620833 0.358333 0.086111 0.150000
0 1953 0.620833 0.358333 0.086111 0.150000
0 1956 0.620833 0.358333 0.086111 0.150000
0 1959 0.620833 0.358333 0.086111 0.150000
0 1962 0.620833 0.358333 0.086111 0.150000
0 1965 0.620833 0.358333 0.086111 0.150000
0 1968 0.620833 0.358333 0.086111 0.150000
0 1971 0.620833 0.358333 0.086111 0.150000
0 1974 0.620833 0.358333 0.086111 0.150000
0 1977 0.620833 0.358333 0.086111 0.150000
0 1980 0.620833 0.358333 0.086111 0.150000
0 1983 0.620833 0.358333 0.086111 0.150000
0 1986 0.620833 0.358333 0.086111 0.150000
0 1989 0.620833 0.358333 0.086111 0.150000
0 1992 0.620833 0.358333 0.086111 0.150000
0 1995 0.620833 0.358333 0.086111 0.150000
0 1998 0.620833 0.358333 0.086111 0.150000
0 2001 0.620833 0.358333 0.086111 0.150000
0 2004 0.620833 0.358333 0.086111 0.150000
0 2007 0.620833 0.358333 0.086111 0.150000
0 2010 0.620833 0.358333 0.086111 0.150000
0 2013 0.620833 0.358333 0.086111 0.150000
0 2016 0.620833 0.358333 0.086111 0.150000
0 2019 0.620833 0.358333 0.086111 0.150000
0 2022 0.620833 0.358333 0.086111 0.150000
0 2025 0.620833 0.358333 0.086111 0.150000
0 2028 0.620833 0.358333 0.086111 0.150000
0 2031 0.620833 0.358333 0.086111 0.150000
0 2034 0.620833 0.358333 0.086111 0.150000
0 2037 0.620833 0.358333 0.086111 0.150000
0 2040 0.620833 0.358333 0.086111 0.150000
0 2043 0.620833 0.358333 0.086111 0.150000
0 2046 0.620833 0.358333 0.086111 0.150000
0 2049 0.620833 0.358333 0.086111 0.150000
0 2052 0.620833 0.358333 0.086111 0.150000
0 2055 0.620833 0.358333 0.086111 0.150000
0 2058 0.620833 0.358333 0.086111 0.150000
0 2061 0.620833 0.358333 0.086111 0.150000
0 2064 0.620833 0.358333 0.086111 0.150000
0 2067 0.620833 0.358333 0.086111 0.150000
0 2070 0.620833 0.358333 0.086111 0.150000
0 2073 0.620833 0.358333 0.086111 0.150000
0 2076 0.620833 0.358333 0.086111 0.150000
0 2079 0.620833 0.358333 0.086111 0.150000
0 2082 0.620833 0.358333 0.086111 0.150000
0 2085 0.620833 0.358333 0.086111 0.150000
0 2088 0.620833 0.358333 0.086111 0.150000
0 2091 0.620833 0.358333 0.086111 0.150000
0 2094 0.620833 0.358333 0.086111 0.150000
0 2097 0.620833 0.358333 0.086111 0.150000
0 2100 0.620833 0.358333 0.086111 0.150000
0 2103 0.620833 0.358333 0.086111 0.150000
0 2106 0.620833 0.358333 0.086111 0.150000
0 2109 0.620833 0.358333 0.086111 0.150000
0 2112 0.620833 0.358333 0.086111 0.150000
0 2115 0.620833 0.358333 0.086111 0.150000
0 2118 0.620833 0.358333 0.086111 0.150000
0 2121 0.620833 0.358333 0.086111 0.150000
0 2124 0.620833 0.358333 0.086111 0.150000
0 2127 0.620833 0.358333 0.086111 0.150000
0 2130 0.620833 0.358333 0.086111 0.150000
0 2133 0.620833 0.358333 0.086111 0.150000
0 2136 0.620833 0.358333 0.086111 0.150000
0 2139 0.620833 0.358333 0.086111 0.150000
0 2142 0.620833 0.358333 0.086111 0.150000
0 2145 0.620833 0.358333 0.086111 0.150000
0 2148 0.620833 0.358333 0.086111 0.150000
0 2151 0.620833 0.358333 0.086111 0.150000
0 2154 0.620833 0.358333 0.086111 0.150000
0 2157 0.620833 0.358333 0.086111 0.150000
0 2160 0.620833 0.358333 0.086111 0.150000
0 2163 0.620833 0.358333 0.086111 0.150000
0 2166 0.620833 0.358333 0.086111 0.150000
0 2169 0.620833 0.358333 0.086111 0.150000
0 2172 0.620833 0.358333 0.086111 0.150000
0 2175 0.620833 0.358333 0.086111 0.150000
0 2178 0.620833 0.358333 0.086111 0.150000
0 2181 0.620833 0.358333 0.086111 0.150000
0 2184 0.620833 0.358333 0.086111 0.150000
0 2187 0.620833 0.358333 0.086111 0.150000
0 2190 0.620833 0.358333 0.086111 0.150000
0 2193 0.620833 0.358333 0.086111 0.150000
0 2196 0.620833 0.358333 0.086111 0.150000
0 2199 0.620833 0.358333 0.086111 0.150000
0 2202 0.620833 0.358333 0.086111 0.150000
0 2205 0.620833 0.358333 0.086111 0.150000
0 2208 0.620833 0.358333 0.086111 0.150000
0 2211 0.620833 0.358333 0.086111 0.150000
0 2214 0.620833 0.358333 0.086111 0.150000
0 2217 0.620833 0.358333 0.086111 0.150000
0 2220 0.620833 0.358333 0.086111 0.150000
0 2223 0.620833 0.358333 0.083333 0.150000
0 2226 0.620833 0.358333 0.083333 0.150000
0 2229 0.620833 0.358333 0.083333 0.150000
0 2232 0.620833 0.358333 0.083333 0.150000
0 2235 0.620833 0.358333 0.083333 0.150000
0 2238 0.620833 0.358333 0.083333 0.150000
0 2241 0.620833 0.358333 0.083333 0.150000
0 2244 0.620833 0.358333 0.083333 0.150000
0 2247 0.620833 0.358333 0.083333 0.150000
0 2250 0.620833 0.358333 0.083333 0.150000
0 2253 0.620833 0.358333 0.083333 0.150000
0 2256 0.620833 0.358333 0.083333 0.150000
0 2259 0.620833 0.358333 0.083333 0.150000
0 2262 0.620833 0.358333 0.083333 0.150000
0 2265 0.620833 0.358333 0.083333 0.150000
0 2268 0.620833 0.358333 0.083333 0.150000
0 2271 0.620833 0.358333 0.083333 0.150000
0 2274 0.620833 0.358333 0.083333 0.150000
0 2277 0.620833 0.358333 0.083333 0.150000
0 2280 0.620833 0.358333 0.083333 0.150000
0 2283 0.620833 0.358333 0.083333 0.150000
0 2286 0.620833 0.358333 0.083333 0.150000
0 2289 0.620833 0.358333 0.083333 0.150000
0 2292 0.620833 0.358333 0.083333 0.150000
0 2295 0.620833 0.358333 0.083333 0.150000
0 2298 0.620833 0.358333 0.083333 0.150000
0 2301 0.620833 0.358333 0.083333 0.150000
0 2304 0.620833 0.358333 0.083333 0.150000
0 2307 0.620833 0.358333 0.083333 0.150000
0 2310 0.620833 0.358333 0.083333 0.150000
0 2313 0.620833 0.358333 0.083333 0.150000
0 2316 0.620833 0.358333 0.083333 0.150000
0 2319 0.620833 0.358333 0.083333 0.150000
0 2322 0.620833 0.358333 0.083333 0.150000
0 2325 0.620833 0.358333 0.083333 0.150000
0 2328 0.620833 0.358333 0.083333 0.150000
0 2331 0.620833 0.358333 0.083333 0.150000
0 2334 0.620833 0.358333 0.083333 0.150000
0 2337 0.620833 0.358333 0.083333 0.150000
0 2340 0.620833 0.358333 0.083333 0.150000
0 2343 0.620833 0.358333 0.083333 0.150000
0 2346 0.620833 0.358333 0.083333 0.150000
0 2349 0.620833 0.358333 0.083333 0.150000
0 2352 0.620833 0.358333 0.083333 0.150000
0 2355 0.620833 0.358333 0.083333 0.150000
0 2358 0.620833 0.358333 0.083333 0.150000
0 2361 0.620833 0.358333 0.083333 0.150000
0 2364 0.620833 0.358333 0.083333 0.150000
0 2367 0.620833 0.358333 0.083333 0.150000
0 2370 0.620833 0.358333 0.083333 0.150000
0 2373 0.620833 0.358333 0.083333 0.150000
0 2376 0.620833 0.358333 0.083333 0.150000
0 2379 0.620833 0.358333 0.083333 0.150000
0 2382 0.620833 0.358333 0.083333 0.150000
0 2385 0.620833 0.358333 0.083333 0.150000
0 2388 0.620833 0.358333 0.083333 0.150000
0 2391 0.620833 0.358333 0.083333 0.150000
0 2394 0.620833 0.358333 0.083333 0.150000
0 2397 0.620833 0.358333 0.083333 0.150000
0 2400 0.620833 0.358333 0.083333 0.150000
0 2403 0.620833 0.358333 0.083333 0.150000
0 2406 0.620833 0.358333 0.083333 0.150000
0 2409 0.620833 0.358333 0.083333 0.150000
0 2412 0.620833 0.358333 0.083333 0.150000
0 2415 0.620833 0.358333 0.083333 0.150000
0 2418 0.620833 0.358333 0.083333 0.150000
0 2421 0.620833 0.358333 0.083333 0.150000
0 2424 0.620833 0.358333 0.083333 0.150000
0 2427 0.620833 0.358333 0.083333 0.150000
0 2430 0.620833 0.358333 0.083333 0.150000
0 2433 0.620833 0.358333 0.083333 0.150000
0 2436 0.620833 0.358333 0.083333 0.150000
0 2439 0.620833 0.358333 0.083333 0.150000
0 2442 0.620833 0.358333 0.083333 0.150000
0 2445 0.620833 0.358333 0.083333 0.150000
0 2448 0.620833 0.358333 0.083333 0.150000
0 2451 0.620833 0.358333 0.083333 0.150000
0 2454 0.620833 0.358333 0.083333 0.150000
0 2457 0.620833 0.358333 0.083333 0.150000
0 2460 0.620833 0.358333 0.083333 0.150000
0 2463 0.620833 0.358333 0.083333 0.150000
0 2466 0.620833 0.358333 0.083333 0.150000
0 2469 0.620833 0.358333 0.083333 0.150000
0 2472 0.620833 0.358333 0.083333 0.150000
0 2475 0.620833 0.358333 0.083333 0.150000
0 2478 0.620833 0.358333 0.083333 0.150000
0 2481 0.620833 0.358333 0.083333 0.150000
0 2484 0.620833 0.358333 0.083333 0.150000
