0 1620 0.247656 0.730208 0.089063 0.110417
0 1623 0.247656 0.730208 0.089063 0.110417
0 1626 0.247656 0.730208 0.089063 0.110417
0 1629 0.247656 0.730208 0.089063 0.110417
0 1632 0.247656 0.730208 0.089063 0.110417
0 1635 0.247656 0.730208 0.089063 0.110417
0 1638 0.247656 0.730208 0.089063 0.110417
0 1641 0.247656 0.730208 0.089063 0.110417
0 1644 0.247656 0.730208 0.089063 0.110417
0 1647 0.247656 0.730208 0.089063 0.110417
0 1650 0.247656 0.730208 0.089063 0.110417
0 1653 0.247656 0.730208 0.089063 0.110417
0 1656 0.247656 0.730208 0.089063 0.110417
0 1659 0.247656 0.730208 0.089063 0.110417
0 1662 0.247656 0.730208 0.089063 0.110417
0 1665 0.247656 0.730208 0.089063 0.110417
0 1668 0.247656 0.730208 0.089063 0.110417
0 1671 0.247656 0.730208 0.089063 0.110417
0 1674 0.247656 0.730208 0.089063 0.110417
0 1677 0.247656 0.730208 0.089063 0.110417
0 1680 0.247656 0.730208 0.089063 0.110417
0 1683 0.247656 0.730208 0.089063 0.110417
0 1686 0.247656 0.730208 0.089063 0.110417
0 1689 0.247656 0.730208 0.089063 0.110417
0 1692 0.247656 0.730208 0.089063 0.110417
0 1695 0.247656 0.730208 0.089063 0.110417
0 1698 0.247656 0.730208 0.089063 0.110417
0 1701 0.247656 0.730208 0.089063 0.110417
0 1704 0.247656 0.730208 0.089063 0.110417
0 1707 0.247656 0.730208 0.089063 0.110417
0 1710 0.247656 0.730208 0.089063 0.110417
0 1713 0.247656 0.730208 0.089063 0.110417
0 1716 0.247656 0.730208 0.089063 0.110417
0 1719 0.247656 0.730208 0.089063 0.110417
0 1722 0.247656 0.730208 0.089063 0.110417
0 1725 0.247656 0.730208 0.089063 0.110417
0 1728 0.247656 0.730208 0.089063 0.110417
0 1731 0.247656 0.730208 0.089063 0.110417
0 1734 0.247656 0.730208 0.089063 0.110417
0 1737 0.247656 0.730208 0.089063 0.110417
0 1740 0.247656 0.730208 0.089063 0.110417
0 1743 0.247656 0.730208 0.089063 0.110417
0 1746 0.247656 0.730208 0.089063 0.110417
0 1749 0.247656 0.730208 0.089063 0.110417
0 1752 0.247656 0.730208 0.089063 0.110417
0 1755 0.247656 0.730208 0.089063 0.110417
0 1758 0.247656 0.730208 0.089063 0.110417
0 1761 0.247656 0.730208 0.089063 0.110417
0 1764 0.247656 0.730208 0.089063 0.110417
0 1767 0.247656 0.730208 0.089063 0.110417
0 1770 0.247656 0.730208 0.089063 0.110417
0 1773 0.247656 0.730208 0.089063 0.110417
0 1776 0.247656 0.730208 0.089063 0.110417
0 1779 0.248438 0.730208 0.090625 0.110417
0 1782 0.247656 0.730208 0.089063 0.110417
0 1785 0.247656 0.730208 0.089063 0.110417
0 1788 0.247656 0.730208 0.089063 0.110417
0 1791 0.248438 0.730208 0.090625 0.110417
0 1794 0.247656 0.730208 0.089063 0.110417
0 1797 0.248438 0.730208 0.090625 0.110417
0 1800 0.248438 0.730208 0.090625 0.110417
0 1803 0.248438 0.729167 0.090625 0.108333
0 1806 0.247656 0.722917 0.089063 0.095833
0 1809 0.247656 0.719792 0.089063 0.089583
0 1812 0.248438 0.718750 0.090625 0.087500
0 1815 0.247656 0.718750 0.089063 0.087500
0 1818 0.247656 0.718750 0.089063 0.087500
0 1821 0.247656 0.726042 0.089063 0.102083
0 1824 0.247656 0.721875 0.089063 0.093750
0 1827 0.247656 0.719792 0.089063 0.089583
0 1830 0.247656 0.727083 0.089063 0.104167
0 1833 0.247656 0.729167 0.089063 0.108333
0 1836 0.247656 0.730208 0.089063 0.110417
0 1839 0.247656 0.730208 0.089063 0.110417
0 1842 0.247656 0.722917 0.089063 0.095833
0 1845 0.247656 0.728125 0.089063 0.106250
0 1848 0.247656 0.727083 0.089063 0.104167
0 1851 0.247656 0.729167 0.089063 0.108333
0 1854 0.247656 0.723958 0.089063 0.097917
0 1857 0.247656 0.727083 0.089063 0.104167
0 1860 0.247656 0.721875 0.089063 0.093750
0 1863 0.247656 0.727083 0.089063 0.104167
0 1866 0.247656 0.729167 0.089063 0.108333
0 1869 0.247656 0.730208 0.089063 0.110417
0 1872 0.247656 0.730208 0.089063 0.110417
0 1875 0.247656 0.730208 0.089063 0.110417
0 1878 0.247656 0.730208 0.089063 0.110417
0 1881 0.247656 0.730208 0.089063 0.110417
0 1884 0.247656 0.730208 0.089063 0.110417
0 1887 0.247656 0.730208 0.089063 0.110417
0 1890 0.247656 0.730208 0.089063 0.110417
0 1893 0.247656 0.730208 0.089063 0.110417
0 1896 0.247656 0.730208 0.089063 0.110417
0 1899 0.247656 0.730208 0.089063 0.110417
0 1902 0.247656 0.730208 0.089063 0.110417
0 1905 0.247656 0.730208 0.089063 0.110417
0 1908 0.247656 0.730208 0.089063 0.110417
0 1911 0.247656 0.730208 0.089063 0.110417
0 1914 0.247656 0.730208 0.089063 0.110417
0 1917 0.247656 0.730208 0.089063 0.110417
0 1920 0.247656 0.730208 0.089063 0.110417
0 1923 0.247656 0.730208 0.089063 0.110417
0 1926 0.247656 0.730208 0.089063 0.110417
0 1929 0.247656 0.730208 0.089063 0.110417
0 1932 0.247656 0.730208 0.089063 0.110417
0 1935 0.247656 0.730208 0.089063 0.110417
0 1938 0.247656 0.730208 0.089063 0.110417
0 1941 0.247656 0.730208 0.089063 0.110417
0 1944 0.247656 0.730208 0.089063 0.110417
0 1947 0.247656 0.730208 0.089063 0.110417
0 1950 0.247656 0.730208 0.089063 0.110417
0 1953 0.247656 0.730208 0.089063 0.110417
0 1956 0.247656 0.730208 0.089063 0.110417
0 1959 0.247656 0.730208 0.089063 0.110417
0 1962 0.247656 0.730208 0.089063 0.110417
0 1965 0.248438 0.730208 0.090625 0.110417
0 1968 0.248438 0.730208 0.090625 0.110417
0 1971 0.248438 0.730208 0.090625 0.110417
0 1974 0.247656 0.730208 0.089063 0.110417
0 1977 0.247656 0.730208 0.089063 0.110417
0 1980 0.247656 0.730208 0.089063 0.110417
0 1983 0.247656 0.730208 0.089063 0.110417
0 1986 0.247656 0.730208 0.089063 0.110417
0 1989 0.247656 0.730208 0.089063 0.110417
0 1992 0.247656 0.730208 0.089063 0.110417
0 1995 0.247656 0.730208 0.089063 0.110417
0 1998 0.247656 0.730208 0.089063 0.110417
0 2001 0.248438 0.730208 0.090625 0.110417
0 2004 0.248438 0.730208 0.090625 0.110417
0 2007 0.248438 0.730208 0.090625 0.110417
0 2010 0.248438 0.726042 0.090625 0.102083
0 2013 0.248438 0.726042 0.090625 0.102083
0 2016 0.249219 0.727083 0.089063 0.104167
0 2019 0.249219 0.721875 0.089063 0.093750
0 2022 0.249219 0.721875 0.089063 0.093750
0 2025 0.249219 0.718750 0.089063 0.087500
0 2028 0.249219 0.718750 0.089063 0.087500
0 2031 0.249219 0.726042 0.089063 0.102083
0 2034 0.249219 0.728125 0.089063 0.106250
0 2037 0.249219 0.728125 0.089063 0.106250
0 2040 0.249219 0.728125 0.089063 0.106250
0 2043 0.249219 0.730208 0.089063 0.110417
0 2046 0.248438 0.730208 0.090625 0.110417
0 2049 0.249219 0.722917 0.089063 0.095833
0 2052 0.249219 0.719792 0.089063 0.089583
0 2055 0.247656 0.719792 0.089063 0.089583
0 2058 0.247656 0.719792 0.089063 0.089583
0 2061 0.248438 0.726042 0.090625 0.102083
0 2064 0.248438 0.729167 0.090625 0.108333
0 2067 0.248438 0.729167 0.090625 0.108333
0 2070 0.247656 0.730208 0.089063 0.110417
0 2073 0.248438 0.730208 0.090625 0.110417
0 2076 0.248438 0.730208 0.090625 0.110417
0 2079 0.248438 0.730208 0.090625 0.110417
0 2082 0.248438 0.730208 0.090625 0.110417
0 2085 0.248438 0.730208 0.090625 0.110417
0 2088 0.248438 0.730208 0.090625 0.110417
0 2091 0.248438 0.730208 0.090625 0.110417
0 2094 0.248438 0.725000 0.090625 0.100000
0 2097 0.248438 0.721875 0.090625 0.093750
0 2100 0.247656 0.727083 0.089063 0.104167
0 2103 0.247656 0.729167 0.089063 0.108333
0 2106 0.247656 0.730208 0.089063 0.110417
0 2109 0.247656 0.730208 0.089063 0.110417
0 2112 0.247656 0.730208 0.089063 0.110417
0 2115 0.247656 0.730208 0.089063 0.110417
0 2118 0.247656 0.722917 0.089063 0.095833
0 2121 0.248438 0.720833 0.087500 0.091667
0 2124 0.247656 0.727083 0.089063 0.104167
0 2127 0.247656 0.729167 0.089063 0.108333
0 2130 0.247656 0.730208 0.089063 0.110417
0 2133 0.249219 0.730208 0.089063 0.110417
0 2136 0.247656 0.731250 0.089063 0.112500
0 2139 0.247656 0.730208 0.089063 0.110417
0 2142 0.248438 0.730208 0.087500 0.110417
0 2145 0.248438 0.730208 0.087500 0.110417
0 2148 0.248438 0.730208 0.087500 0.110417
0 2151 0.249219 0.730208 0.089063 0.110417
0 2154 0.249219 0.730208 0.089063 0.110417
0 2157 0.249219 0.730208 0.089063 0.110417
0 2160 0.249219 0.730208 0.089063 0.110417
0 2163 0.249219 0.730208 0.089063 0.110417
0 2166 0.249219 0.730208 0.089063 0.110417
0 2169 0.249219 0.730208 0.089063 0.110417
0 2172 0.249219 0.730208 0.089063 0.110417
0 2175 0.249219 0.730208 0.089063 0.110417
0 2178 0.249219 0.730208 0.089063 0.110417
0 2181 0.249219 0.730208 0.089063 0.110417
0 2184 0.249219 0.730208 0.089063 0.110417
0 2187 0.249219 0.730208 0.089063 0.110417
