0 3900 0.270833 0.470833 0.241667 0.129167
0 3903 0.270833 0.470833 0.241667 0.129167
0 3906 0.271528 0.470833 0.243056 0.129167
0 3909 0.270139 0.471875 0.243056 0.131250
0 3912 0.271528 0.470833 0.240278 0.129167
0 3915 0.271528 0.470833 0.240278 0.129167
0 3918 0.270139 0.470833 0.243056 0.129167
0 3921 0.270833 0.470833 0.241667 0.129167
0 3924 0.270833 0.470833 0.241667 0.129167
0 3927 0.270833 0.470833 0.241667 0.129167
0 3930 0.270833 0.470833 0.241667 0.129167
0 3933 0.270833 0.470833 0.241667 0.129167
0 3936 0.271528 0.470833 0.240278 0.129167
0 3939 0.270833 0.470833 0.241667 0.129167
0 3942 0.270833 0.470833 0.241667 0.129167
0 3945 0.269444 0.470833 0.244444 0.129167
0 3948 0.270139 0.470833 0.243056 0.129167
0 3951 0.270139 0.470833 0.243056 0.129167
0 3954 0.270833 0.470833 0.241667 0.129167
0 3957 0.270833 0.470833 0.241667 0.129167
0 3960 0.270833 0.470833 0.241667 0.129167
0 3963 0.269444 0.470833 0.241667 0.129167
0 3966 0.270833 0.471875 0.241667 0.131250
0 3969 0.270833 0.470833 0.241667 0.129167
0 3972 0.270833 0.470833 0.241667 0.129167
0 3975 0.270139 0.470833 0.240278 0.129167
0 3978 0.271528 0.470833 0.240278 0.129167
0 3981 0.271528 0.470833 0.240278 0.129167
0 3984 0.270139 0.470833 0.240278 0.129167
0 3987 0.270833 0.470833 0.241667 0.129167
0 3990 0.270833 0.470833 0.241667 0.129167
0 3993 0.270833 0.470833 0.241667 0.129167
0 3996 0.270833 0.470833 0.241667 0.129167
0 3999 0.270139 0.470833 0.240278 0.129167
0 4002 0.270139 0.470833 0.243056 0.129167
0 4005 0.270833 0.470833 0.241667 0.129167
0 4008 0.270833 0.470833 0.241667 0.129167
0 4011 0.270833 0.470833 0.241667 0.129167
0 4014 0.270833 0.470833 0.241667 0.129167
0 4017 0.270833 0.470833 0.241667 0.129167
0 4020 0.270833 0.470833 0.241667 0.129167
0 4023 0.270833 0.470833 0.241667 0.129167
0 4026 0.270833 0.470833 0.241667 0.129167
0 4029 0.271528 0.470833 0.240278 0.129167
0 4032 0.271528 0.470833 0.240278 0.129167
0 4035 0.270833 0.470833 0.241667 0.129167
0 4038 0.270833 0.470833 0.241667 0.129167
0 4041 0.270833 0.470833 0.241667 0.129167
0 4044 0.270833 0.470833 0.241667 0.129167
0 4047 0.270833 0.470833 0.241667 0.129167
0 4050 0.271528 0.470833 0.240278 0.129167
0 4053 0.270833 0.470833 0.241667 0.129167
0 4056 0.270833 0.470833 0.241667 0.129167
0 4059 0.271528 0.470833 0.240278 0.129167
0 4062 0.271528 0.470833 0.240278 0.129167
0 4065 0.270833 0.470833 0.241667 0.129167
0 4068 0.269444 0.470833 0.244444 0.129167
0 4071 0.270139 0.471875 0.243056 0.131250
0 4074 0.270833 0.470833 0.241667 0.129167
0 4077 0.270833 0.470833 0.241667 0.129167
0 4080 0.270833 0.470833 0.241667 0.129167
0 4083 0.270833 0.470833 0.241667 0.129167
0 4086 0.270139 0.470833 0.243056 0.129167
0 4089 0.270833 0.470833 0.241667 0.129167
0 4092 0.270833 0.470833 0.241667 0.129167
0 4095 0.270833 0.470833 0.241667 0.129167
0 4098 0.270833 0.470833 0.241667 0.129167
0 4101 0.271528 0.470833 0.240278 0.129167
0 4104 0.270139 0.470833 0.243056 0.129167
0 4107 0.270833 0.470833 0.241667 0.129167
0 4110 0.270833 0.470833 0.241667 0.129167
0 4113 0.272222 0.470833 0.241667 0.129167
0 4116 0.270833 0.470833 0.241667 0.129167
0 4119 0.270833 0.470833 0.241667 0.129167
0 4122 0.270833 0.470833 0.241667 0.129167
0 4125 0.270833 0.470833 0.241667 0.129167
0 4128 0.270139 0.470833 0.243056 0.129167
0 4131 0.270139 0.470833 0.243056 0.129167
0 4134 0.270139 0.470833 0.243056 0.129167
0 4137 0.270833 0.470833 0.241667 0.129167
0 4140 0.270833 0.470833 0.241667 0.129167
0 4143 0.270139 0.470833 0.243056 0.129167
0 4146 0.270833 0.470833 0.241667 0.129167
0 4149 0.270833 0.470833 0.241667 0.129167
0 4152 0.270833 0.470833 0.241667 0.129167
0 4155 0.270833 0.470833 0.241667 0.129167
0 4158 0.270139 0.470833 0.243056 0.129167
0 4161 0.270139 0.470833 0.243056 0.129167
0 4164 0.270833 0.470833 0.241667 0.129167
0 4167 0.270139 0.470833 0.240278 0.129167
0 4170 0.270139 0.470833 0.243056 0.129167
0 4173 0.270833 0.470833 0.241667 0.129167
0 4176 0.270833 0.470833 0.241667 0.129167
0 4179 0.271528 0.470833 0.240278 0.129167
0 4182 0.270833 0.470833 0.241667 0.129167
0 4185 0.270833 0.470833 0.241667 0.129167
0 4188 0.270833 0.471875 0.241667 0.131250
0 4191 0.271528 0.470833 0.240278 0.129167
0 4194 0.270833 0.470833 0.241667 0.129167
0 4197 0.270833 0.470833 0.241667 0.129167
0 4200 0.270833 0.470833 0.241667 0.129167
0 4203 0.270139 0.470833 0.243056 0.129167
0 4206 0.270139 0.470833 0.243056 0.129167
0 4209 0.269444 0.470833 0.244444 0.129167
0 4212 0.269444 0.470833 0.241667 0.129167
0 4215 0.270139 0.470833 0.243056 0.129167
0 4218 0.270139 0.470833 0.243056 0.129167
0 4221 0.270833 0.470833 0.241667 0.129167
0 4224 0.271528 0.470833 0.240278 0.129167
0 4227 0.270833 0.470833 0.241667 0.129167
0 4230 0.271528 0.470833 0.240278 0.129167
0 4233 0.270833 0.470833 0.241667 0.129167
0 4236 0.270139 0.470833 0.243056 0.129167
0 4239 0.270833 0.470833 0.241667 0.129167
0 4242 0.270833 0.470833 0.241667 0.129167
0 4245 0.270139 0.470833 0.243056 0.129167
0 4248 0.270139 0.470833 0.243056 0.129167
0 4251 0.271528 0.470833 0.240278 0.129167
0 4254 0.271528 0.470833 0.240278 0.129167
0 4257 0.271528 0.470833 0.240278 0.129167
0 4260 0.270833 0.470833 0.241667 0.129167
0 4263 0.270139 0.470833 0.243056 0.129167
0 4266 0.270139 0.470833 0.243056 0.129167
0 4269 0.270139 0.470833 0.243056 0.129167
0 4272 0.271528 0.470833 0.243056 0.129167
0 4275 0.270833 0.470833 0.241667 0.129167
0 4278 0.270833 0.470833 0.241667 0.129167
0 4281 0.270833 0.470833 0.241667 0.129167
0 4284 0.270833 0.470833 0.244444 0.129167
0 4287 0.270139 0.470833 0.243056 0.129167
0 4290 0.270833 0.470833 0.241667 0.129167
0 4293 0.270139 0.470833 0.243056 0.129167
0 4296 0.270833 0.470833 0.241667 0.129167
0 4299 0.270833 0.470833 0.241667 0.129167
0 4302 0.270139 0.470833 0.243056 0.129167
0 4305 0.270139 0.470833 0.243056 0.129167
0 4308 0.270139 0.470833 0.243056 0.129167
0 4311 0.270139 0.470833 0.243056 0.129167
0 4314 0.270833 0.470833 0.244444 0.129167
0 4317 0.270139 0.470833 0.243056 0.129167
0 4320 0.270139 0.470833 0.243056 0.129167
0 4323 0.270139 0.470833 0.243056 0.129167
0 4326 0.270833 0.470833 0.241667 0.129167
0 4329 0.271528 0.470833 0.243056 0.129167
0 4332 0.270833 0.470833 0.241667 0.129167
0 4335 0.270139 0.470833 0.243056 0.129167
0 4338 0.270833 0.470833 0.241667 0.129167
0 4341 0.270833 0.470833 0.241667 0.129167
0 4344 0.270139 0.471875 0.243056 0.131250
0 4347 0.270833 0.470833 0.241667 0.129167
0 4350 0.270833 0.470833 0.244444 0.129167
0 4353 0.270139 0.470833 0.243056 0.129167
0 4356 0.270833 0.470833 0.241667 0.129167
0 4359 0.270833 0.470833 0.241667 0.129167
0 4362 0.270833 0.470833 0.241667 0.129167
0 4365 0.271528 0.470833 0.240278 0.129167
0 4368 0.271528 0.470833 0.240278 0.129167
0 4371 0.270833 0.470833 0.241667 0.129167
0 4374 0.270833 0.470833 0.241667 0.129167
0 4377 0.270833 0.470833 0.241667 0.129167
0 4380 0.271528 0.470833 0.240278 0.129167
0 4383 0.271528 0.470833 0.240278 0.129167
0 4386 0.270833 0.471875 0.241667 0.131250
0 4389 0.271528 0.470833 0.240278 0.129167
0 4392 0.271528 0.470833 0.240278 0.129167
0 4395 0.271528 0.470833 0.243056 0.129167
0 4398 0.270833 0.470833 0.241667 0.129167
0 4401 0.271528 0.470833 0.240278 0.129167
0 4404 0.271528 0.470833 0.240278 0.129167
0 4407 0.271528 0.470833 0.240278 0.129167
0 4410 0.271528 0.470833 0.240278 0.129167
0 4413 0.272222 0.470833 0.241667 0.129167
0 4416 0.272222 0.470833 0.241667 0.129167
0 4419 0.271528 0.470833 0.243056 0.129167
0 4422 0.271528 0.470833 0.243056 0.129167
0 4425 0.271528 0.470833 0.243056 0.129167
0 4428 0.270833 0.470833 0.244444 0.129167
0 4431 0.270833 0.470833 0.244444 0.129167
0 4434 0.270833 0.470833 0.244444 0.129167
0 4437 0.270139 0.470833 0.240278 0.129167
0 4440 0.271528 0.470833 0.240278 0.129167
0 4443 0.270139 0.470833 0.243056 0.129167
0 4446 0.270833 0.470833 0.241667 0.129167
0 4449 0.270833 0.470833 0.241667 0.129167
0 4452 0.270139 0.470833 0.243056 0.129167
0 4455 0.270833 0.470833 0.241667 0.129167
0 4458 0.270833 0.470833 0.241667 0.129167
0 4461 0.270139 0.470833 0.240278 0.129167
0 4464 0.271528 0.470833 0.240278 0.129167
0 4467 0.270139 0.470833 0.240278 0.129167
0 4470 0.271528 0.470833 0.240278 0.129167
0 4473 0.271528 0.470833 0.240278 0.129167
0 4476 0.271528 0.470833 0.240278 0.129167
0 4479 0.270833 0.470833 0.238889 0.129167
0 4482 0.272222 0.470833 0.238889 0.129167
0 4485 0.270139 0.470833 0.240278 0.129167
0 4488 0.259028 0.470833 0.218056 0.129167
0 4491 0.266667 0.470833 0.233333 0.129167
0 4494 0.269444 0.470833 0.238889 0.129167
0 4497 0.270139 0.470833 0.240278 0.129167
0 4500 0.270833 0.470833 0.241667 0.129167
0 4503 0.270833 0.470833 0.241667 0.129167
0 4506 0.270833 0.470833 0.241667 0.129167
0 4509 0.270833 0.470833 0.244444 0.129167
0 4512 0.270139 0.470833 0.243056 0.129167
0 4515 0.271528 0.470833 0.243056 0.129167
0 4518 0.272222 0.470833 0.241667 0.129167
0 4521 0.271528 0.470833 0.243056 0.129167
0 4524 0.272222 0.470833 0.241667 0.129167
0 4527 0.271528 0.470833 0.240278 0.129167
0 4530 0.270833 0.470833 0.241667 0.129167
0 4533 0.270833 0.470833 0.241667 0.129167
0 4536 0.270833 0.470833 0.241667 0.129167
0 4539 0.270833 0.470833 0.241667 0.129167
0 4542 0.270833 0.470833 0.241667 0.129167
0 4545 0.271528 0.470833 0.240278 0.129167
0 4548 0.271528 0.470833 0.240278 0.129167
0 4551 0.271528 0.470833 0.240278 0.129167
0 4554 0.270833 0.470833 0.241667 0.129167
0 4557 0.270833 0.470833 0.241667 0.129167
0 4560 0.270833 0.470833 0.241667 0.129167
0 4563 0.270833 0.470833 0.241667 0.129167
0 4566 0.270833 0.470833 0.241667 0.129167
0 4569 0.270833 0.470833 0.241667 0.129167
0 4572 0.271528 0.470833 0.243056 0.129167
0 4575 0.271528 0.470833 0.243056 0.129167
0 4578 0.271528 0.470833 0.243056 0.129167
0 4581 0.271528 0.470833 0.240278 0.129167
0 4584 0.270833 0.470833 0.241667 0.129167
0 4587 0.271528 0.470833 0.240278 0.129167
0 4590 0.271528 0.470833 0.240278 0.129167
0 4593 0.270833 0.470833 0.241667 0.129167
0 4596 0.270833 0.470833 0.241667 0.129167
0 4599 0.270833 0.470833 0.244444 0.129167
0 4602 0.270833 0.470833 0.244444 0.129167
0 4605 0.270833 0.470833 0.241667 0.129167
0 4608 0.270833 0.470833 0.241667 0.129167
0 4611 0.270139 0.470833 0.243056 0.129167
0 4614 0.270139 0.470833 0.243056 0.129167
0 4617 0.270833 0.470833 0.241667 0.129167
0 4620 0.270833 0.471875 0.241667 0.131250
0 4623 0.271528 0.471875 0.243056 0.131250
0 4626 0.270833 0.471875 0.241667 0.131250
0 4629 0.270833 0.470833 0.241667 0.129167
0 4632 0.270833 0.470833 0.241667 0.129167
0 4635 0.270139 0.470833 0.240278 0.129167
0 4638 0.270833 0.471875 0.241667 0.131250
0 4641 0.271528 0.470833 0.240278 0.129167
0 4644 0.270833 0.470833 0.241667 0.129167
0 4647 0.271528 0.470833 0.240278 0.129167
0 4650 0.270833 0.470833 0.241667 0.129167
0 4653 0.270833 0.470833 0.241667 0.129167
0 4656 0.271528 0.470833 0.240278 0.129167
0 4659 0.270833 0.470833 0.241667 0.129167
0 4662 0.270139 0.470833 0.243056 0.129167
0 4665 0.270833 0.470833 0.241667 0.129167
0 4668 0.270139 0.470833 0.243056 0.129167
0 4671 0.270139 0.470833 0.243056 0.129167
0 4674 0.270139 0.470833 0.243056 0.129167
0 4677 0.270833 0.470833 0.241667 0.129167
0 4680 0.270139 0.470833 0.243056 0.129167
0 4683 0.270833 0.470833 0.241667 0.129167
0 4686 0.270833 0.470833 0.241667 0.129167
0 4689 0.270139 0.470833 0.243056 0.129167
0 4692 0.270139 0.470833 0.243056 0.129167
0 4695 0.270833 0.470833 0.241667 0.129167
0 4698 0.270139 0.470833 0.243056 0.129167
0 4701 0.270833 0.471875 0.241667 0.131250
0 4704 0.270833 0.470833 0.241667 0.129167
0 4707 0.270833 0.470833 0.241667 0.129167
0 4710 0.270833 0.470833 0.241667 0.129167
0 4713 0.270833 0.470833 0.241667 0.129167
0 4716 0.270833 0.470833 0.241667 0.129167
0 4719 0.270833 0.470833 0.241667 0.129167
0 4722 0.270833 0.470833 0.241667 0.129167
0 4725 0.270833 0.470833 0.241667 0.129167
0 4728 0.270833 0.470833 0.241667 0.129167
0 4731 0.272222 0.470833 0.241667 0.129167
0 4734 0.272222 0.470833 0.241667 0.129167
0 4737 0.271528 0.470833 0.243056 0.129167
0 4740 0.271528 0.470833 0.243056 0.129167
0 4743 0.271528 0.470833 0.240278 0.129167
0 4746 0.270833 0.470833 0.241667 0.129167
0 4749 0.270833 0.470833 0.241667 0.129167
0 4752 0.270833 0.470833 0.241667 0.129167
0 4755 0.270833 0.470833 0.241667 0.129167
0 4758 0.270833 0.470833 0.241667 0.129167
0 4761 0.270833 0.470833 0.241667 0.129167
0 4764 0.270833 0.470833 0.241667 0.129167
0 4767 0.271528 0.470833 0.243056 0.129167
0 4770 0.271528 0.470833 0.243056 0.129167
0 4773 0.270833 0.470833 0.241667 0.129167
0 4776 0.270833 0.470833 0.241667 0.129167
0 4779 0.270833 0.470833 0.241667 0.129167
