0 4035 0.216667 0.246875 0.066667 0.127083
0 4038 0.216667 0.246875 0.066667 0.127083
0 4041 0.216667 0.246875 0.066667 0.127083
0 4044 0.216667 0.246875 0.066667 0.127083
0 4047 0.216667 0.246875 0.066667 0.127083
0 4050 0.216667 0.246875 0.066667 0.127083
0 4053 0.216667 0.246875 0.066667 0.127083
0 4056 0.216667 0.246875 0.066667 0.127083
0 4059 0.216667 0.246875 0.066667 0.127083
0 4062 0.216667 0.246875 0.066667 0.127083
0 4065 0.216667 0.246875 0.066667 0.127083
0 4068 0.216667 0.246875 0.066667 0.127083
0 4071 0.216667 0.246875 0.066667 0.127083
0 4074 0.216667 0.246875 0.066667 0.127083
0 4077 0.216667 0.246875 0.066667 0.127083
0 4080 0.216667 0.246875 0.066667 0.127083
0 4083 0.216667 0.246875 0.066667 0.127083
0 4086 0.216667 0.246875 0.066667 0.127083
0 4089 0.216667 0.246875 0.066667 0.127083
0 4092 0.216667 0.246875 0.066667 0.127083
0 4095 0.216667 0.246875 0.066667 0.127083
0 4098 0.216667 0.246875 0.066667 0.127083
0 4101 0.216667 0.246875 0.066667 0.127083
0 4104 0.216667 0.246875 0.066667 0.127083
0 4107 0.216667 0.246875 0.066667 0.127083
0 4110 0.216667 0.246875 0.066667 0.127083
0 4113 0.216667 0.246875 0.066667 0.127083
0 4116 0.216667 0.246875 0.066667 0.127083
0 4119 0.216667 0.246875 0.066667 0.127083
0 4122 0.216667 0.246875 0.066667 0.127083
0 4125 0.216667 0.246875 0.066667 0.127083
0 4128 0.216667 0.246875 0.066667 0.127083
0 4131 0.216667 0.246875 0.066667 0.127083
0 4134 0.216667 0.246875 0.066667 0.127083
0 4137 0.216667 0.246875 0.066667 0.127083
0 4140 0.216667 0.246875 0.066667 0.127083
0 4143 0.216667 0.246875 0.066667 0.127083
0 4146 0.216667 0.246875 0.066667 0.127083
0 4149 0.216667 0.246875 0.066667 0.127083
0 4152 0.216667 0.246875 0.066667 0.127083
0 4155 0.216667 0.246875 0.066667 0.127083
0 4158 0.216667 0.246875 0.066667 0.127083
0 4161 0.216667 0.246875 0.066667 0.127083
0 4164 0.216667 0.246875 0.066667 0.127083
0 4167 0.216667 0.246875 0.066667 0.127083
0 4170 0.216667 0.246875 0.066667 0.127083
0 4173 0.216667 0.246875 0.066667 0.127083
0 4176 0.216667 0.246875 0.066667 0.127083
0 4179 0.216667 0.246875 0.066667 0.127083
0 4182 0.216667 0.246875 0.066667 0.127083
0 4185 0.216667 0.246875 0.066667 0.127083
0 4188 0.216667 0.246875 0.066667 0.127083
0 4191 0.216667 0.246875 0.066667 0.127083
0 4194 0.216667 0.246875 0.066667 0.127083
0 4197 0.216667 0.246875 0.066667 0.127083
0 4200 0.216667 0.246875 0.066667 0.127083
0 4203 0.216667 0.246875 0.066667 0.127083
0 4206 0.216667 0.246875 0.066667 0.127083
0 4209 0.216667 0.246875 0.066667 0.127083
0 4212 0.216667 0.246875 0.066667 0.127083
0 4215 0.216667 0.246875 0.066667 0.127083
0 4218 0.216667 0.246875 0.066667 0.127083
0 4221 0.216667 0.246875 0.066667 0.127083
0 4224 0.216667 0.246875 0.066667 0.127083
0 4227 0.216667 0.246875 0.066667 0.127083
0 4230 0.216667 0.246875 0.066667 0.127083
0 4233 0.216667 0.246875 0.066667 0.127083
0 4236 0.216667 0.246875 0.066667 0.127083
0 4239 0.216667 0.246875 0.066667 0.127083
0 4242 0.216667 0.246875 0.066667 0.127083
0 4245 0.216667 0.246875 0.066667 0.127083
0 4248 0.216667 0.246875 0.066667 0.127083
0 4251 0.216667 0.246875 0.066667 0.127083
0 4254 0.216667 0.246875 0.066667 0.127083
0 4257 0.216667 0.246875 0.066667 0.127083
0 4260 0.216667 0.246875 0.066667 0.127083
0 4263 0.216667 0.246875 0.066667 0.127083
0 4266 0.216667 0.246875 0.066667 0.127083
0 4269 0.216667 0.246875 0.066667 0.127083
0 4272 0.216667 0.246875 0.066667 0.127083
0 4275 0.216667 0.246875 0.066667 0.127083
0 4278 0.216667 0.246875 0.066667 0.127083
0 4281 0.216667 0.246875 0.066667 0.127083
0 4284 0.216667 0.246875 0.066667 0.127083
0 4287 0.216667 0.246875 0.066667 0.127083
0 4290 0.216667 0.246875 0.066667 0.127083
0 4293 0.216667 0.246875 0.066667 0.127083
0 4296 0.216667 0.246875 0.066667 0.127083
0 4299 0.216667 0.246875 0.066667 0.127083
0 4302 0.216667 0.246875 0.066667 0.127083
0 4305 0.216667 0.246875 0.066667 0.127083
0 4308 0.216667 0.246875 0.066667 0.127083
0 4311 0.216667 0.246875 0.066667 0.127083
0 4314 0.216667 0.246875 0.066667 0.127083
0 4317 0.216667 0.246875 0.066667 0.127083
0 4320 0.216667 0.246875 0.066667 0.127083
0 4323 0.216667 0.246875 0.066667 0.127083
0 4326 0.216667 0.246875 0.066667 0.127083
0 4329 0.216667 0.246875 0.066667 0.127083
0 4332 0.216667 0.246875 0.066667 0.127083
0 4335 0.216667 0.246875 0.066667 0.127083
0 4338 0.216667 0.246875 0.066667 0.127083
0 4341 0.216667 0.246875 0.066667 0.127083
0 4344 0.216667 0.246875 0.066667 0.127083
0 4347 0.216667 0.246875 0.066667 0.127083
0 4350 0.216667 0.246875 0.066667 0.127083
0 4353 0.216667 0.246875 0.066667 0.127083
0 4356 0.216667 0.246875 0.066667 0.127083
0 4359 0.216667 0.246875 0.066667 0.127083
0 4362 0.216667 0.246875 0.066667 0.127083
0 4365 0.216667 0.246875 0.066667 0.127083
0 4368 0.216667 0.246875 0.066667 0.127083
0 4371 0.216667 0.246875 0.066667 0.127083
0 4374 0.216667 0.246875 0.066667 0.127083
0 4377 0.216667 0.246875 0.066667 0.127083
0 4380 0.216667 0.246875 0.066667 0.127083
0 4383 0.216667 0.246875 0.066667 0.127083
0 4386 0.216667 0.246875 0.066667 0.127083
0 4389 0.216667 0.246875 0.066667 0.127083
0 4392 0.216667 0.246875 0.066667 0.127083
0 4395 0.216667 0.246875 0.066667 0.127083
0 4398 0.216667 0.246875 0.066667 0.127083
0 4401 0.216667 0.246875 0.066667 0.127083
0 4404 0.216667 0.246875 0.066667 0.127083
0 4407 0.216667 0.246875 0.066667 0.127083
0 4410 0.216667 0.246875 0.066667 0.127083
0 4413 0.216667 0.246875 0.066667 0.127083
0 4416 0.216667 0.246875 0.066667 0.127083
0 4419 0.216667 0.246875 0.066667 0.127083
0 4422 0.216667 0.246875 0.066667 0.127083
0 4425 0.216667 0.246875 0.066667 0.127083
0 4428 0.216667 0.246875 0.066667 0.127083
0 4431 0.216667 0.246875 0.066667 0.127083
0 4434 0.216667 0.246875 0.066667 0.127083
0 4437 0.216667 0.246875 0.066667 0.127083
0 4440 0.216667 0.246875 0.066667 0.127083
0 4443 0.216667 0.246875 0.066667 0.127083
0 4446 0.216667 0.246875 0.066667 0.127083
0 4449 0.216667 0.246875 0.066667 0.127083
0 4452 0.216667 0.246875 0.066667 0.127083
0 4455 0.216667 0.246875 0.066667 0.127083
0 4458 0.216667 0.246875 0.066667 0.127083
0 4461 0.216667 0.246875 0.066667 0.127083
0 4464 0.216667 0.246875 0.066667 0.127083
0 4467 0.216667 0.246875 0.066667 0.127083
0 4470 0.216667 0.246875 0.066667 0.127083
0 4473 0.216667 0.246875 0.066667 0.127083
0 4476 0.216667 0.246875 0.066667 0.127083
0 4479 0.216667 0.246875 0.066667 0.127083
0 4482 0.216667 0.246875 0.066667 0.127083
0 4485 0.216667 0.246875 0.066667 0.127083
0 4488 0.216667 0.246875 0.066667 0.127083
0 4491 0.216667 0.246875 0.066667 0.127083
0 4494 0.216667 0.246875 0.066667 0.127083
0 4497 0.216667 0.246875 0.066667 0.127083
0 4500 0.216667 0.246875 0.066667 0.127083
0 4503 0.216667 0.246875 0.066667 0.127083
0 4506 0.216667 0.246875 0.066667 0.127083
0 4509 0.216667 0.246875 0.066667 0.127083
0 4512 0.216667 0.246875 0.066667 0.127083
0 4515 0.216667 0.246875 0.066667 0.127083
0 4518 0.216667 0.246875 0.066667 0.127083
0 4521 0.216667 0.246875 0.066667 0.127083
0 4524 0.216667 0.246875 0.066667 0.127083
0 4527 0.216667 0.246875 0.066667 0.127083
0 4530 0.216667 0.246875 0.066667 0.127083
0 4533 0.216667 0.246875 0.066667 0.127083
0 4536 0.216667 0.246875 0.066667 0.127083
0 4539 0.216667 0.246875 0.066667 0.127083
0 4542 0.216667 0.246875 0.066667 0.127083
0 4545 0.216667 0.246875 0.066667 0.127083
0 4548 0.216667 0.246875 0.066667 0.127083
0 4551 0.216667 0.246875 0.066667 0.127083
0 4554 0.216667 0.246875 0.066667 0.127083
0 4557 0.216667 0.246875 0.066667 0.127083
0 4560 0.216667 0.246875 0.066667 0.127083
0 4563 0.216667 0.246875 0.066667 0.127083
0 4566 0.216667 0.246875 0.066667 0.127083
0 4569 0.216667 0.246875 0.066667 0.127083
0 4572 0.216667 0.246875 0.066667 0.127083
0 4575 0.216667 0.246875 0.066667 0.127083
0 4578 0.216667 0.246875 0.066667 0.127083
0 4581 0.216667 0.246875 0.066667 0.127083
0 4584 0.216667 0.246875 0.066667 0.127083
0 4587 0.216667 0.246875 0.066667 0.127083
0 4590 0.216667 0.246875 0.066667 0.127083
0 4593 0.216667 0.246875 0.066667 0.127083
0 4596 0.216667 0.246875 0.066667 0.127083
0 4599 0.216667 0.246875 0.066667 0.127083
0 4602 0.216667 0.246875 0.066667 0.127083
0 4605 0.216667 0.246875 0.066667 0.127083
0 4608 0.216667 0.246875 0.066667 0.127083
0 4611 0.216667 0.246875 0.066667 0.127083
0 4614 0.216667 0.246875 0.066667 0.127083
0 4617 0.216667 0.246875 0.066667 0.127083
0 4620 0.216667 0.246875 0.066667 0.127083
0 4623 0.216667 0.246875 0.066667 0.127083
0 4626 0.216667 0.246875 0.066667 0.127083
0 4629 0.216667 0.246875 0.066667 0.127083
0 4632 0.216667 0.246875 0.066667 0.127083
0 4635 0.216667 0.246875 0.066667 0.127083
0 4638 0.216667 0.246875 0.066667 0.127083
0 4641 0.216667 0.246875 0.066667 0.127083
0 4644 0.216667 0.246875 0.066667 0.127083
0 4647 0.216667 0.246875 0.066667 0.127083
0 4650 0.216667 0.246875 0.066667 0.127083
0 4653 0.216667 0.246875 0.066667 0.127083
0 4656 0.216667 0.246875 0.066667 0.127083
0 4659 0.216667 0.246875 0.066667 0.127083
0 4662 0.216667 0.246875 0.066667 0.127083
0 4665 0.216667 0.246875 0.066667 0.127083
0 4668 0.216667 0.246875 0.066667 0.127083
0 4671 0.216667 0.246875 0.066667 0.127083
0 4674 0.216667 0.246875 0.066667 0.127083
0 4677 0.216667 0.246875 0.066667 0.127083
0 4680 0.216667 0.246875 0.066667 0.127083
0 4683 0.216667 0.246875 0.066667 0.127083
0 4686 0.216667 0.246875 0.066667 0.127083
0 4689 0.216667 0.246875 0.066667 0.127083
0 4692 0.216667 0.246875 0.066667 0.127083
0 4695 0.216667 0.246875 0.066667 0.127083
0 4698 0.216667 0.246875 0.066667 0.127083
0 4701 0.216667 0.246875 0.066667 0.127083
0 4704 0.216667 0.246875 0.066667 0.127083
0 4707 0.216667 0.246875 0.066667 0.127083
0 4710 0.216667 0.246875 0.066667 0.127083
0 4713 0.216667 0.246875 0.066667 0.127083
0 4716 0.216667 0.246875 0.066667 0.127083
0 4719 0.216667 0.246875 0.066667 0.127083
0 4722 0.216667 0.246875 0.066667 0.127083
0 4725 0.216667 0.246875 0.066667 0.127083
0 4728 0.216667 0.246875 0.066667 0.127083
0 4731 0.216667 0.246875 0.066667 0.127083
0 4734 0.216667 0.246875 0.066667 0.127083
0 4737 0.216667 0.246875 0.066667 0.127083
0 4740 0.216667 0.246875 0.066667 0.127083
0 4743 0.216667 0.246875 0.066667 0.127083
0 4746 0.216667 0.246875 0.066667 0.127083
0 4749 0.216667 0.246875 0.066667 0.127083
0 4752 0.216667 0.246875 0.066667 0.127083
0 4755 0.216667 0.246875 0.066667 0.127083
0 4758 0.216667 0.246875 0.066667 0.127083
0 4761 0.216667 0.246875 0.066667 0.127083
0 4764 0.216667 0.246875 0.066667 0.127083
0 4767 0.216667 0.246875 0.066667 0.127083
0 4770 0.216667 0.246875 0.066667 0.127083
0 4773 0.216667 0.246875 0.066667 0.127083
0 4776 0.216667 0.246875 0.066667 0.127083
0 4779 0.216667 0.246875 0.066667 0.127083
0 4782 0.216667 0.246875 0.066667 0.127083
0 4785 0.216667 0.246875 0.066667 0.127083
0 4788 0.216667 0.246875 0.066667 0.127083
0 4791 0.216667 0.246875 0.066667 0.127083
0 4794 0.216667 0.246875 0.066667 0.127083
0 4797 0.216667 0.246875 0.066667 0.127083
0 4800 0.216667 0.246875 0.066667 0.127083
